0.014149000	3	2
0.164771000	2	3
0.365248000	2	3
0.568000000	2	3
0.773352000	2	3
0.970737000	2	3
1.168343000	2	3
1.367530000	2	3
1.572863000	2	3
1.780685000	2	3
1.969161000	2	3
2.174142000	2	3
2.372581000	2	3
2.646208000	2	3
2.771081000	2	3
2.965394000	2	3
3.176583000	2	3
3.372135000	2	3
3.576762000	2	3
3.766112000	2	3
3.966633000	2	3
4.173302000	2	3
4.374034000	2	3
4.572893000	2	3
4.775302000	2	3
4.969582000	2	3
5.170423000	2	3
5.369496000	2	3
5.565573000	2	3
5.767022000	2	3
5.973998000	2	3
6.173221000	2	3
6.368633000	2	3
6.568807000	2	3
6.765727000	2	3
6.966988000	2	3
7.171575000	2	3
7.372767000	2	3
7.565123000	2	3
7.770038000	2	3
7.971421000	2	3
8.170559000	2	3
8.380836000	2	3
8.566422000	2	3
8.766663000	2	3
8.970704000	2	3
9.172820000	2	3
9.370433000	2	3
9.569998000	2	3
9.766114000	2	3
9.965032000	2	3
10.172812000	2	3
10.374951000	2	3
10.579024000	2	3
10.778861000	2	3
10.967658000	2	3
11.169917000	2	3
11.368040000	2	3
11.574473000	2	3
11.767536000	2	3
11.974183000	2	3
12.171206000	2	3
12.375650000	2	3
12.574706000	2	3
12.775808000	2	3
12.973044000	2	3
13.166018000	2	3
13.368372000	2	3
13.577737000	2	3
13.770139000	2	3
13.966040000	2	3
14.170977000	2	3
14.367530000	2	3
14.564907000	2	3
14.773126000	2	3
14.978362000	2	3
15.166551000	2	3
15.376635000	2	3
15.570261000	2	3
15.773505000	2	3
15.977514000	2	3
16.172436000	2	3
16.366424000	2	3
16.567624000	2	3
16.767472000	2	3
16.968637000	2	3
17.170364000	2	3
17.366071000	2	3
17.572934000	2	3
17.775158000	2	3
17.967897000	2	3
18.165308000	2	3
18.367417000	2	3
18.586617000	2	3
18.767959000	2	3
18.965859000	2	3
19.176983000	2	3
19.367331000	2	3
19.572093000	2	3
19.773579000	2	3
19.980670000	2	3
20.165492000	2	3
20.371325000	2	3
20.578402000	2	3
20.769229000	2	3
20.969568000	2	3
21.167392000	2	3
21.366349000	2	3
21.571422000	2	3
21.769637000	2	3
21.971995000	2	3
22.173229000	2	3
22.390598000	2	3
22.570717000	2	3
22.773154000	2	3
22.964772000	2	3
23.169711000	2	3
23.372862000	2	3
23.571900000	2	3
23.777066000	2	3
23.995426000	2	3
24.167768000	2	3
24.368288000	2	3
24.566375000	2	3
24.773146000	2	3
24.978737000	2	3
25.168346000	2	3
25.388596000	2	3
25.579686000	2	3
25.767174000	2	3
25.972321000	2	3
26.178864000	2	3
26.376358000	2	3
26.585602000	2	3
26.765902000	2	3
26.972930000	2	3
27.177055000	2	3
27.372437000	2	3
27.575579000	2	3
27.771000000	2	3
27.972059000	2	3
28.166275000	2	3
28.367270000	2	3
28.565160000	2	3
28.776226000	2	3
28.966300000	2	3
29.174516000	2	3
29.385734000	2	3
29.568213000	2	3
29.766652000	2	3
29.974219000	2	3
30.182311000	2	3
30.373119000	2	3
30.570768000	2	3
30.770854000	2	3
30.976440000	2	3
31.174175000	2	3
31.381438000	2	3
31.573803000	2	3
31.775691000	2	3
31.974120000	2	3
32.171441000	2	3
32.364936000	2	3
32.573126000	2	3
32.766337000	2	3
32.968041000	2	3
33.169659000	2	3
33.379425000	2	3
33.574185000	2	3
33.774775000	2	3
33.970895000	2	3
34.175029000	2	3
34.365419000	2	3
34.615381000	2	3
34.778351000	2	3
34.977686000	2	3
35.174853000	2	3
35.368601000	2	3
35.573497000	2	3
35.771873000	2	3
35.977860000	2	3
36.174948000	2	3
36.373184000	2	3
36.573919000	2	3
36.783072000	2	3
36.978232000	2	3
37.175101000	2	3
37.367967000	2	3
37.567182000	2	3
37.774368000	2	3
37.964780000	2	3
38.171756000	2	3
38.372633000	2	3
38.576512000	2	3
38.771514000	2	3
38.979126000	2	3
39.166493000	2	3
39.370467000	2	3
39.590760000	2	3
39.779136000	2	3
39.977781000	2	3
40.169847000	2	3
40.375200000	2	3
40.577276000	2	3
40.779945000	2	3
40.981609000	2	3
41.166924000	2	3
41.367629000	2	3
41.572378000	2	3
41.768337000	2	3
41.967418000	2	3
42.167121000	2	3
42.366051000	2	3
42.567679000	2	3
42.766575000	2	3
42.972356000	2	3
43.168830000	2	3
43.374452000	2	3
43.573333000	2	3
43.780010000	2	3
43.980881000	2	3
44.172583000	2	3
44.377958000	2	3
44.570075000	2	3
44.767061000	2	3
44.969142000	2	3
45.166932000	2	3
45.379724000	2	3
45.578526000	2	3
45.769799000	2	3
45.970371000	2	3
46.166208000	2	3
46.380223000	2	3
46.617119000	2	3
46.784386000	2	3
46.981941000	2	3
47.174373000	2	3
47.381303000	2	3
47.586165000	2	3
47.767327000	2	3
47.970607000	2	3
48.173421000	2	3
48.366194000	2	3
48.576629000	2	3
48.765599000	2	3
48.975655000	2	3
49.175846000	2	3
49.367044000	2	3
49.567550000	2	3
49.766840000	2	3
49.977243000	2	3
50.172744000	2	3
50.372138000	2	3
50.567291000	2	3
50.767013000	2	3
50.974832000	2	3
51.179423000	2	3
51.390206000	2	3
51.590901000	2	3
51.767796000	2	3
51.967363000	2	3
52.177758000	2	3
52.368254000	2	3
52.578815000	2	3
52.775661000	2	3
52.975454000	2	3
53.164938000	2	3
53.368369000	2	3
53.566458000	2	3
53.766615000	2	3
53.972701000	2	3
54.171366000	2	3
54.372966000	2	3
54.574875000	2	3
54.770307000	2	3
54.976775000	2	3
55.173880000	2	3
55.367788000	2	3
55.571161000	2	3
55.766752000	2	3
55.973283000	2	3
56.222095000	2	3
56.375015000	2	3
56.566282000	2	3
56.773546000	2	3
57.370929000	2	3
57.578993000	2	3
57.774753000	2	3
57.967102000	2	3
58.165029000	2	3
58.366168000	2	3
58.568071000	2	3
58.779977000	2	3
58.971250000	2	3
59.174830000	2	3
59.403571000	2	3
59.576890000	2	3
59.774435000	2	3
59.969408000	2	3
60.173960000	2	3
60.376541000	2	3
60.565684000	2	3
60.766069000	2	3
60.971079000	2	3
61.169601000	2	3
61.373630000	2	3
61.579549000	2	3
61.773113000	2	3
61.969670000	2	3
62.168703000	2	3
62.368404000	2	3
62.566606000	2	3
62.789729000	2	3
62.965982000	2	3
63.168478000	2	3
63.369292000	2	3
63.568307000	2	3
63.771708000	2	3
63.966646000	2	3
64.165342000	2	3
64.378136000	2	3
64.568927000	2	3
64.769944000	2	3
64.970999000	2	3
65.176519000	2	3
65.372265000	2	3
65.574883000	2	3
65.767607000	2	3
65.970764000	2	3
66.181446000	2	3
66.366706000	2	3
66.573238000	2	3
66.774298000	2	3
66.969554000	2	3
67.173074000	2	3
67.368110000	2	3
67.577036000	2	3
67.769059000	2	3
67.967390000	2	3
68.168632000	2	3
68.369950000	2	3
68.574245000	2	3
68.775889000	2	3
68.972259000	2	3
69.178024000	2	3
69.366652000	2	3
69.567893000	2	3
69.765795000	2	3
69.965162000	2	3
70.170497000	2	3
70.374643000	2	3
70.574439000	2	3
70.770897000	2	3
70.975315000	2	3
71.167743000	2	3
71.374975000	2	3
71.573124000	2	3
71.775238000	2	3
71.966741000	2	3
72.166669000	2	3
72.367744000	2	3
72.577805000	2	3
72.778747000	2	3
72.968355000	2	3
73.180507000	2	3
73.375892000	2	3
73.565500000	2	3
73.833688000	2	3
73.973212000	2	3
74.176031000	2	3
74.367714000	2	3
74.568113000	2	3
74.771094000	2	3
74.974599000	2	3
75.169469000	2	3
75.370653000	2	3
75.606866000	2	3
75.774471000	2	3
75.974925000	2	3
76.165183000	2	3
76.371928000	2	3
76.576341000	2	3
76.767128000	2	3
76.968853000	2	3
77.167965000	2	3
77.368931000	2	3
77.612872000	2	3
77.816227000	2	3
77.975074000	2	3
78.165271000	2	3
78.367137000	2	3
78.567835000	2	3
78.772119000	2	3
78.967023000	2	3
79.168953000	2	3
79.371823000	2	3
79.571450000	2	3
79.777368000	2	3
79.971232000	2	3
80.167441000	2	3
80.366234000	2	3
80.614257000	2	3
80.783226000	2	3
80.973439000	2	3
81.166977000	2	3
81.364820000	2	3
81.569002000	2	3
81.776152000	2	3
81.969824000	2	3
82.175313000	2	3
82.365742000	2	3
82.569263000	2	3
82.767207000	2	3
82.965167000	2	3
83.166568000	2	3
83.374410000	2	3
83.578364000	2	3
83.775018000	2	3
83.968298000	2	3
84.176436000	2	3
84.375382000	2	3
84.566930000	2	3
84.775574000	2	3
84.977386000	2	3
85.171140000	2	3
85.370664000	2	3
85.574088000	2	3
85.776852000	2	3
85.969923000	2	3
86.165743000	2	3
86.365286000	2	3
86.569813000	2	3
86.778598000	2	3
86.976242000	2	3
87.171406000	2	3
87.370790000	2	3
87.569736000	2	3
87.765445000	2	3
87.967145000	2	3
88.172236000	2	3
88.371012000	2	3
88.578344000	2	3
88.772950000	2	3
88.973000000	2	3
89.165899000	2	3
89.372850000	2	3
89.579640000	2	3
89.804875000	2	3
89.979309000	2	3
90.168663000	2	3
90.375639000	2	3
90.573955000	2	3
90.780020000	2	3
90.965346000	2	3
91.173640000	2	3
91.366778000	2	3
91.565397000	2	3
91.765007000	2	3
91.977922000	2	3
92.171414000	2	3
92.367600000	2	3
92.574900000	2	3
92.771529000	2	3
92.966258000	2	3
93.166636000	2	3
93.368543000	2	3
93.571095000	2	3
93.777920000	2	3
93.978779000	2	3
94.172390000	2	3
94.367536000	2	3
94.572270000	2	3
94.767270000	2	3
94.973041000	2	3
95.166991000	2	3
95.373891000	2	3
95.575826000	2	3
95.769859000	2	3
95.976256000	2	3
96.166263000	2	3
96.365650000	2	3
96.575657000	2	3
96.777217000	2	3
96.965400000	2	3
97.173532000	2	3
97.367817000	2	3
97.570083000	2	3
97.765043000	2	3
97.972865000	2	3
98.175423000	2	3
98.370814000	2	3
98.569843000	2	3
98.772388000	2	3
98.966713000	2	3
99.174696000	2	3
99.369450000	2	3
99.571345000	2	3
99.775898000	2	3
99.966211000	2	3
100.172723000	2	3
100.370011000	2	3
100.568090000	2	3
100.776801000	2	3
100.971894000	2	3
101.175115000	2	3
101.368610000	2	3
101.569581000	2	3
101.779742000	2	3
101.977733000	2	3
102.167673000	2	3
102.373905000	2	3
102.574272000	2	3
102.776761000	2	3
102.973205000	2	3
103.174552000	2	3
103.374754000	2	3
103.568325000	2	3
103.776454000	2	3
103.966647000	2	3
104.173898000	2	3
104.367207000	2	3
104.574114000	2	3
104.764952000	2	3
104.977381000	2	3
105.182228000	2	3
105.372395000	2	3
105.566347000	2	3
105.769300000	2	3
105.975123000	2	3
106.166618000	2	3
106.367926000	2	3
106.572907000	2	3
106.771125000	2	3
106.974799000	2	3
107.174703000	2	3
107.365263000	2	3
107.572442000	2	3
107.768239000	2	3
107.964873000	2	3
108.182093000	2	3
108.371289000	2	3
108.575484000	2	3
108.772563000	2	3
108.974280000	2	3
109.182937000	2	3
109.371061000	2	3
109.567330000	2	3
109.775766000	2	3
109.969783000	2	3
110.170541000	2	3
110.376368000	2	3
110.566507000	2	3
110.771832000	2	3
110.976800000	2	3
111.178919000	2	3
111.373903000	2	3
111.571289000	2	3
111.767423000	2	3
111.987876000	2	3
112.171902000	2	3
112.374365000	2	3
112.570909000	2	3
112.770224000	2	3
112.971051000	2	3
113.174341000	2	3
113.372848000	2	3
113.585468000	2	3
113.775830000	2	3
113.967936000	2	3
114.167827000	2	3
114.370876000	2	3
114.574793000	2	3
114.784306000	2	3
114.983852000	2	3
115.186926000	2	3
115.374804000	2	3
115.702336000	2	3
115.771508000	2	3
115.976335000	2	3
116.202005000	2	3
116.367891000	2	3
116.568898000	2	3
116.766139000	2	3
117.372138000	2	3
117.644031000	2	3
117.767614000	2	3
117.967367000	2	3
118.165993000	2	3
118.368996000	2	3
118.578808000	2	3
118.768983000	2	3
118.967556000	2	3
119.175965000	2	3
119.367764000	2	3
119.576201000	2	3
119.783860000	2	3
119.978462000	2	3
120.172818000	2	3
120.369942000	2	3
120.571858000	2	3
120.775889000	2	3
120.984364000	2	3
121.179850000	2	3
121.380405000	2	3
121.565830000	2	3
121.771960000	2	3
121.979402000	2	3
122.172937000	2	3
122.373618000	2	3
122.576302000	2	3
122.776686000	2	3
122.968138000	2	3
123.167294000	2	3
123.375451000	2	3
123.580358000	2	3
123.768779000	2	3
123.969850000	2	3
124.174415000	2	3
124.375357000	2	3
124.568394000	2	3
124.765145000	2	3
124.967700000	2	3
125.170718000	2	3
125.365678000	2	3
125.566183000	2	3
125.770413000	2	3
125.968268000	2	3
126.173724000	2	3
126.371147000	2	3
126.576999000	2	3
126.779743000	2	3
126.974691000	2	3
127.170590000	2	3
127.377126000	2	3
127.573730000	2	3
127.773136000	2	3
127.975751000	2	3
128.173641000	2	3
128.366762000	2	3
128.573792000	2	3
128.822986000	2	3
128.976123000	2	3
129.166140000	2	3
129.364767000	2	3
129.580086000	2	3
129.770081000	2	3
129.975899000	2	3
130.183517000	2	3
130.370453000	2	3
130.567687000	2	3
130.766228000	2	3
130.969633000	2	3
131.165006000	2	3
131.377900000	2	3
131.574583000	2	3
131.771606000	2	3
131.976467000	2	3
132.170678000	2	3
132.385987000	2	3
132.573790000	2	3
132.771100000	2	3
132.972572000	2	3
133.170746000	2	3
133.370212000	2	3
133.566314000	2	3
133.770736000	2	3
133.978848000	2	3
134.183115000	2	3
134.364786000	2	3
134.571283000	2	3
134.771699000	2	3
134.974498000	2	3
135.178549000	2	3
135.370962000	2	3
135.569602000	2	3
135.775906000	2	3
135.966060000	2	3
136.172943000	2	3
136.379836000	2	3
136.567911000	2	3
136.767259000	2	3
136.970814000	2	3
137.164853000	2	3
137.367119000	2	3
137.691573000	2	3
137.776693000	2	3
137.971627000	2	3
138.253146000	2	3
138.367039000	2	3
138.570235000	2	3
138.770814000	2	3
138.968219000	2	3
139.199316000	2	3
139.378629000	2	3
139.570836000	2	3
139.774798000	2	3
139.968035000	2	3
140.171281000	2	3
140.372781000	2	3
140.575824000	2	3
140.772763000	2	3
140.973132000	2	3
141.174764000	2	3
141.366267000	2	3
141.577715000	2	3
141.773828000	2	3
141.967149000	2	3
142.248248000	2	3
142.376163000	2	3
142.564977000	2	3
142.771463000	2	3
142.969224000	2	3
143.165694000	2	3
143.370609000	2	3
143.570538000	2	3
143.765726000	2	3
143.975226000	2	3
144.177826000	2	3
144.376283000	2	3
144.570568000	2	3
144.766143000	2	3
144.980952000	2	3
145.173503000	2	3
145.368129000	2	3
145.568394000	2	3
145.766725000	2	3
145.976043000	2	3
146.168323000	2	3
146.376898000	2	3
146.567037000	2	3
146.776732000	2	3
146.977226000	2	3
147.172940000	2	3
147.368907000	2	3
147.570308000	2	3
147.775331000	2	3
147.969005000	2	3
148.182151000	2	3
148.366934000	2	3
148.567929000	2	3
148.766488000	2	3
148.966411000	2	3
149.172004000	2	3
149.370821000	2	3
149.567241000	2	3
149.777001000	2	3
149.968544000	2	3
150.207944000	2	3
150.373893000	2	3
150.574924000	2	3
150.765580000	2	3
150.976886000	2	3
151.174754000	2	3
151.382225000	2	3
151.570642000	2	3
151.774385000	2	3
151.968230000	2	3
152.173780000	2	3
152.370315000	2	3
152.569522000	2	3
152.773647000	2	3
152.976750000	2	3
153.169792000	2	3
153.373025000	2	3
153.568542000	2	3
153.766796000	2	3
153.974936000	2	3
154.176765000	2	3
154.372002000	2	3
154.565442000	2	3
154.769163000	2	3
154.972483000	2	3
155.181575000	2	3
155.369534000	2	3
155.573455000	2	3
155.775401000	2	3
155.974772000	2	3
156.174422000	2	3
156.380004000	2	3
156.565250000	2	3
156.835983000	2	3
156.976331000	2	3
157.169901000	2	3
157.372243000	2	3
157.566721000	2	3
157.773324000	2	3
157.977710000	2	3
158.172891000	2	3
158.416241000	2	3
158.569689000	2	3
158.767569000	2	3
158.973366000	2	3
159.165606000	2	3
159.365116000	2	3
159.570161000	2	3
159.772929000	2	3
159.968132000	2	3
160.167460000	2	3
160.383082000	2	3
160.573124000	2	3
160.777359000	2	3
160.975414000	2	3
161.178605000	2	3
161.373751000	2	3
161.566360000	2	3
161.766198000	2	3
161.973039000	2	3
162.176939000	2	3
162.366796000	2	3
162.566666000	2	3
162.766836000	2	3
162.967056000	2	3
163.178164000	2	3
163.369512000	2	3
163.580721000	2	3
163.772208000	2	3
163.970764000	2	3
164.169901000	2	3
164.368974000	2	3
164.564942000	2	3
164.769561000	2	3
164.977086000	2	3
165.166319000	2	3
165.369812000	2	3
165.575296000	2	3
165.781963000	2	3
165.976941000	2	3
166.171252000	2	3
166.365237000	2	3
166.576432000	2	3
166.771101000	2	3
166.966555000	2	3
167.169431000	2	3
167.365230000	2	3
167.582501000	2	3
167.773674000	2	3
167.967922000	2	3
168.183589000	2	3
168.369781000	2	3
168.569091000	2	3
168.767636000	2	3
168.973950000	2	3
169.178747000	2	3
169.373686000	2	3
169.567191000	2	3
169.766852000	2	3
170.001512000	2	3
170.170043000	2	3
170.369322000	2	3
170.573154000	2	3
170.772562000	2	3
170.970459000	2	3
171.173439000	2	3
171.385965000	2	3
171.576439000	2	3
171.773661000	2	3
171.971430000	2	3
172.177986000	2	3
172.367622000	2	3
172.574424000	2	3
172.777713000	2	3
172.968160000	2	3
173.257003000	2	3
173.374068000	2	3
173.576319000	2	3
173.780152000	2	3
173.968633000	2	3
174.169179000	2	3
174.365858000	2	3
174.570966000	2	3
174.774744000	2	3
174.975989000	2	3
175.180576000	2	3
175.365362000	2	3
175.575447000	2	3
175.769172000	2	3
175.971161000	2	3
176.175485000	2	3
176.375997000	2	3
176.578603000	2	3
176.775920000	2	3
177.365806000	2	3
177.583557000	2	3
177.770653000	2	3
177.967262000	2	3
178.257009000	2	3
178.370085000	2	3
178.576400000	2	3
178.766981000	2	3
178.972216000	2	3
179.175031000	2	3
179.368151000	2	3
179.565843000	2	3
179.770718000	2	3
179.974876000	2	3
180.172038000	2	3
180.372619000	2	3
180.569520000	2	3
180.778049000	2	3
180.968776000	2	3
181.165670000	2	3
181.371945000	2	3
181.579561000	2	3
181.767204000	2	3
181.973247000	2	3
182.173307000	2	3
182.372157000	2	3
182.566900000	2	3
182.770056000	2	3
182.972095000	2	3
183.176581000	2	3
183.374972000	2	3
183.567609000	2	3
183.769642000	2	3
183.973144000	2	3
184.166983000	2	3
184.364785000	2	3
184.576264000	2	3
184.770108000	2	3
184.972744000	2	3
185.176823000	2	3
185.368712000	2	3
185.571598000	2	3
185.766076000	2	3
185.979522000	2	3
186.175741000	2	3
186.373747000	2	3
186.576876000	2	3
186.770328000	2	3
186.973961000	2	3
187.176540000	2	3
187.372109000	2	3
187.565322000	2	3
187.772676000	2	3
187.966793000	2	3
188.170680000	2	3
188.374862000	2	3
188.579511000	2	3
188.772759000	2	3
188.966791000	2	3
189.174230000	2	3
189.375044000	2	3
189.571786000	2	3
189.768672000	2	3
189.978134000	2	3
190.168355000	2	3
190.376134000	2	3
190.585830000	2	3
190.775210000	2	3
190.980680000	2	3
191.174058000	2	3
191.366371000	2	3
191.579465000	2	3
191.772740000	2	3
191.967626000	2	3
192.181671000	2	3
192.369973000	2	3
192.575850000	2	3
192.766615000	2	3
192.967918000	2	3
193.191530000	2	3
193.371414000	2	3
193.567679000	2	3
193.765269000	2	3
193.975600000	2	3
194.171734000	2	3
194.365042000	2	3
194.566117000	2	3
194.767082000	2	3
194.969732000	2	3
195.167674000	2	3
195.367569000	2	3
195.576168000	2	3
195.767980000	2	3
195.971799000	2	3
196.176368000	2	3
196.371947000	2	3
196.568693000	2	3
196.770962000	2	3
196.974198000	2	3
197.165436000	2	3
197.393266000	2	3
197.577651000	2	3
197.775378000	2	3
197.966896000	2	3
198.171222000	2	3
198.372635000	2	3
198.565972000	2	3
198.766296000	2	3
198.969114000	2	3
199.177092000	2	3
199.369507000	2	3
199.565582000	2	3
199.764988000	2	3
199.970930000	2	3
200.185886000	2	3
200.377949000	2	3
200.568744000	2	3
200.776944000	2	3
200.966090000	2	3
201.219086000	2	3
201.383027000	2	3
201.571807000	2	3
201.765683000	2	3
201.968081000	2	3
202.168538000	2	3
202.375514000	2	3
202.573702000	2	3
202.766919000	2	3
202.977014000	2	3
203.173928000	2	3
203.371162000	2	3
203.577703000	2	3
203.776410000	2	3
203.979858000	2	3
204.174114000	2	3
204.370684000	2	3
204.568359000	2	3
204.765113000	2	3
204.980058000	2	3
205.174088000	2	3
205.376192000	2	3
205.575961000	2	3
205.769114000	2	3
205.976820000	2	3
206.171394000	2	3
206.380606000	2	3
206.574980000	2	3
206.767470000	2	3
206.969385000	2	3
207.166677000	2	3
207.377703000	2	3
207.589753000	2	3
207.770316000	2	3
207.984488000	2	3
208.206229000	2	3
208.408200000	2	3
208.569748000	2	3
208.777696000	2	3
208.987982000	2	3
209.165992000	2	3
209.367536000	2	3
209.572832000	2	3
209.769226000	2	3
209.969931000	2	3
210.170202000	2	3
210.374156000	2	3
210.566852000	2	3
210.765852000	2	3
210.967264000	2	3
211.190665000	2	3
211.369165000	2	3
211.572796000	2	3
211.771414000	2	3
211.972482000	2	3
212.181593000	2	3
212.367604000	2	3
212.570032000	2	3
212.771347000	2	3
212.970109000	2	3
213.177354000	2	3
213.378655000	2	3
213.579599000	2	3
213.771427000	2	3
213.974416000	2	3
214.167122000	2	3
214.370264000	2	3
214.565099000	2	3
214.774298000	2	3
214.979499000	2	3
215.169550000	2	3
215.376220000	2	3
215.572311000	2	3
215.771166000	2	3
215.976661000	2	3
216.165206000	2	3
216.371381000	2	3
216.578359000	2	3
216.775054000	2	3
216.983037000	2	3
217.171546000	2	3
217.367096000	2	3
217.566567000	2	3
217.771477000	2	3
217.967720000	2	3
218.169971000	2	3
218.379546000	2	3
218.574503000	2	3
218.769552000	2	3
218.970665000	2	3
219.165367000	2	3
219.373890000	2	3
219.566569000	2	3
219.766540000	2	3
219.973713000	2	3
220.171359000	2	3
220.371076000	2	3
220.574560000	2	3
220.766146000	2	3
220.976536000	2	3
221.172485000	2	3
221.379855000	2	3
221.568084000	2	3
221.770804000	2	3
221.974831000	2	3
222.174016000	2	3
222.372385000	2	3
222.567461000	2	3
222.771905000	2	3
222.968496000	2	3
223.174332000	2	3
223.377053000	2	3
223.567964000	2	3
223.777270000	2	3
223.967871000	2	3
224.171954000	2	3
224.371189000	2	3
224.570083000	2	3
224.777291000	2	3
224.966525000	2	3
225.169563000	2	3
225.367982000	2	3
225.569701000	2	3
225.767621000	2	3
225.971678000	2	3
226.209731000	2	3
226.377165000	2	3
226.570621000	2	3
226.766554000	2	3
226.978860000	2	3
227.165226000	2	3
227.373639000	2	3
227.565015000	2	3
227.767106000	2	3
227.968030000	2	3
228.170416000	2	3
228.394125000	2	3
228.570419000	2	3
228.778084000	2	3
228.967957000	2	3
229.172618000	2	3
229.375666000	2	3
229.571855000	2	3
229.769902000	2	3
229.967923000	2	3
230.177676000	2	3
230.371854000	2	3
230.568831000	2	3
230.779756000	2	3
230.980547000	2	3
231.174387000	2	3
231.377219000	2	3
231.575937000	2	3
231.794462000	2	3
231.975845000	2	3
232.173406000	2	3
232.368078000	2	3
232.576266000	2	3
232.781473000	2	3
232.973805000	2	3
233.187702000	2	3
233.388471000	2	3
233.567457000	2	3
233.778727000	2	3
233.966527000	2	3
234.171282000	2	3
234.368246000	2	3
234.571244000	2	3
234.769172000	2	3
235.011442000	2	3
235.169794000	2	3
235.375482000	2	3
235.569468000	2	3
235.774797000	2	3
235.978467000	2	3
236.177815000	2	3
236.380041000	2	3
236.578059000	2	3
236.776409000	2	3
237.370018000	2	3
237.575716000	2	3
237.774722000	2	3
237.972133000	2	3
238.170513000	2	3
238.365332000	2	3
238.574251000	2	3
238.767415000	2	3
238.969735000	2	3
239.171353000	2	3
239.369472000	2	3
239.575405000	2	3
239.767598000	2	3
239.967766000	2	3
240.175334000	2	3
240.368979000	2	3
240.572462000	2	3
240.766700000	2	3
240.975823000	2	3
241.177342000	2	3
241.370082000	2	3
241.572540000	2	3
241.765185000	2	3
241.976714000	2	3
242.174629000	2	3
242.366357000	2	3
242.565232000	2	3
242.777103000	2	3
242.977548000	2	3
243.164942000	2	3
243.367759000	2	3
243.581871000	2	3
243.774812000	2	3
243.965555000	2	3
244.176744000	2	3
244.368362000	2	3
244.573686000	2	3
244.786571000	2	3
244.974262000	2	3
245.170161000	2	3
245.399411000	2	3
245.595834000	2	3
245.803859000	2	3
245.967197000	2	3
246.170202000	2	3
246.374982000	2	3
246.576424000	2	3
246.782830000	2	3
246.976545000	2	3
247.173113000	2	3
247.375486000	2	3
247.573140000	2	3
247.769372000	2	3
247.972976000	2	3
248.165513000	2	3
248.372939000	2	3
248.566563000	2	3
248.771906000	2	3
248.973946000	2	3
249.171043000	2	3
249.373615000	2	3
249.567552000	2	3
249.772787000	2	3
249.968034000	2	3
250.165627000	2	3
250.367447000	2	3
250.565679000	2	3
250.772474000	2	3
250.971255000	2	3
251.169564000	2	3
251.372777000	2	3
251.567823000	2	3
251.774665000	2	3
251.969880000	2	3
252.174858000	2	3
252.365863000	2	3
